612387139
612412180
612368947
612404694
612313835
612459140
612404697
612379243
612379422
612432426
612522309
612135964
612368929
612314060
612313287
612227112
612645363
612344188
612359679
591310911
612170860
612357735
612047474
601422013
611717057
568320992
612180279
612223810
612241848
612241846
612154312
591579114
612041147
610722309
612063484
611801466
612058312
612058311
611902376
612040163
611636195
611553932
610364822
611195233
611618437
610592043
610364821
610370676
610364826
610353999
612412180
612387139
612459140
612404694
612404697
612368947
612313835
612379243
612432426
612522309
612135964
612379422
612368929
612314060
612227112
612313287
591310911
612645363
612170860
601422013
612344188
611717057
612241848
612359679
591579114
612041147
612047474
612357735
612063484
612180279
568320992
612154312
610722309
611636195
612223810
612058312
611553932
611801466
612241846
612040163
610370676
611618437
610364821
612412180
611902376
612058311
612387139
612404697
612404694
611195233
612459140
612368947
612522309
612313835
612379243
612432426
612135964
610364822
612227112
612314060
612379422
610364826
591310911
610592043
612368929
612313287
612645363
612170860
612241848
591579114
601422013
610353999
612344188
612041147
611717057
612359679
612047474
612357735
612154312
611636195
612063484
612180279
568320992
610722309
612223810
612058312
610370676
611553932
611801466
612241846
612040163
611618437
610364821
612412180
611902376
612058311
612387139
612404697
612404694
611195233
612459140
612368947
612379243
612432426
612135964
612522309
612313835
610364822
612227112
612314060
612379422
610364826
591310911
610592043
612368929
612313287
612645363
612241848
612170860
591579114
610353999
601422013
612344188
612359679
612041147
611717057
612047474
612357735
611636195
612154312
612063484
612180279
612223810
612058312
610370676
611553932
611801466
568320992
610722309
612241846
612040163
610364821
612412180
611618437
611902376
612058311
612387139
612404697
612404694
611195233
612459140
612368947
612379243
612432426
612135964
612522309
612313835
610364822
612227112
612379422
612314060
610364826
591310911
610592043
612368929
612313287
612645363
612241848
612344188
612170860
612359679
591579114
610353999
601422013
612041147
611717057
612047474
612357735
611636195
612154312
612063484
612180279
612223810
610370676
612058312
611553932
611801466
568320992
612040163
610722309
610364821
611618437
611902376
612412180
612058311
612241846
612387139
612368947
612404697
612404694
611195233
612459140
612379243
612432426
612135964
612522309
610364822
612313835
612227112
612379422
612314060
610364826
591310911
610592043
612368929
612241848
612645363
612344188
612313287
612170860
612359679
591579114
610353999
601422013
612041147
611636195
612154312
611717057
612047474
612357735
612063484
612180279
610370676
612058312
612223810
611553932
611801466
568320992
610722309
610364821
611618437
612040163
612387139
611902376
612404697
612412180
612368947
612058311
612241846
612404694
611195233
612379243
612135964
612432426
612313835
612459140
612227112
612522309
610364822
612379422
612314060
610364826
591310911
610592043
612368929
612645363
612313287
612241848
612359679
612344188
612170860
591579114
610353999
601422013
612154312
612041147
611717057
612047474
611636195
612357735
612063484
612180279
610370676
612058312
612223810
611553932
611801466
610364821
568320992
610722309
611618437
612040163
612387139
611902376
612412180
612368947
612404697
612241846
612058311
612404694
611195233
612379243
612135964
612459140
612432426
612522309
612313835
610364822
612227112
612379422
612314060
610364826
610592043
591310911
612368929
612344188
612170860
612645363
612313287
612241848
612359679
601422013
591579114
612154312
610353999
612041147
612047474
611636195
611717057
612180279
612357735
612063484
612058312
610370676
612223810
611553932
611801466
610364821
568320992
610722309
612412180
611618437
612368947
612404697
612387139
612040163
611902376
612058311
612404694
612241846
611195233
612459140
612522309
612379243
612432426
610364822
612314060
612227112
612313835
612135964
612379422
610364826
610592043
591310911
612368929
612344188
612170860
612645363
612313287
612241848
612359679
601422013
591579114
612154312
610353999
